0,15.23,18,22.36,25,20.62,11.18,21.21,26.25,32.02,25.5,33.54,15,11.18,32.02,30.41,29.15,30.41,15.81,32.02,31.62,18.03,26.93,36.06,30,33.54,11.18,5,6.32,29.83,25.5,17.46,34,24.76,36.06,41.04,41.4,21.21,42.43,33.97,11.18,28.86,25.5,34.18,31.89,29.15,35.47,34.21,27.8,43.93,16.97,26.93,11.31,4.47,22.8,30.46,29.21,23.19,9.06,17.8,18.03,25.5,25.5,34.93,46.52,49.93,40.5,43.86,21.38,12.17,21.1,39.66,22.47,20.12,24.6,27.78,15.65,19.7,31.06,25.55,21.1,27.59,23.32,21.1,24.33,23.02,35.36,18.38,19.24,9,32.25,25.61,18.38,20.25,12.04,14.87,15.26,17.2,21.26,17.49,24.04,0
15.23,0,32.56,14.56,32.2,32.2,24.84,21.02,31.58,17.8,15.56,26.4,16.64,26.4,46.87,45.35,42.45,40.71,22.85,28.23,16.49,29.27,39.2,46.17,27.78,37.64,19.42,10.82,12,24.04,11.05,10.44,20.88,12.37,24.74,27.2,40.52,35.81,56.85,41.59,24.02,42.01,40.72,49.4,46.1,36.69,39.01,33.73,28.16,39.82,6.32,12.04,15.23,18.44,25.61,34.06,38.9,38.08,23.54,32.02,28.3,38.29,19.24,24.41,38.21,35,25.3,51.11,18.03,4.47,8.06,24.84,33.54,32.14,36.35,38.83,10.63,13.42,20.22,16.03,19.21,14.87,26.08,29.55,34.99,36.8,48.27,33.62,15.3,20.52,20.59,39.7,33.02,33.97,26.63,29.68,29.07,32.25,35.61,31.14,38.6,15.23
18,32.56,0,34.41,20.22,23.85,16.4,36.25,36.07,47.42,43.29,50.29,23.43,9.43,21.19,13,25.18,32.7,27.46,47.42,49.03,10.44,12.21,23.32,34.99,30.15,16.4,23,20.88,38.29,43.29,35.23,52,39.36,48.41,55.57,54.2,15.3,32.31,25.5,9.43,12.21,12.08,18.44,24.19,35.81,45.28,47.43,41.34,58.67,32.31,43.32,27.2,14.14,25.06,28.64,18.68,5.83,9.06,15.65,24.76,24.04,42.45,52.61,63.25,65.8,57.72,34.18,30.41,30.07,39.05,55.54,12.04,9,11.7,15.23,28.65,31.62,43.6,38.01,29,42.06,36.06,29,27.78,19.65,31.02,7.07,36.14,20.12,50.16,20.1,13.93,18.38,13.45,12.21,16.4,10.77,16.49,17.49,17.03,18
22.36,14.56,34.41,0,25,42.72,33.54,35.36,45.04,15,29.15,40.31,11.18,32.02,53.15,47.17,51.48,52.2,35.36,42.72,22.36,26.93,36.4,40,14.14,26.93,18.03,20.62,16.12,9.49,21.21,25,31.24,7.28,14.14,21.54,55.08,43.01,64.03,33.38,25,40.16,45.28,52.8,53.82,49.5,53.08,48.27,42.58,54.13,8.25,14.32,28.07,22.8,16.12,23.41,33.06,40.22,26.87,39.96,39.56,47.85,33.62,36.88,51.22,32.76,28.64,41.76,6.08,18.11,21.1,23.09,30.08,30.08,33.24,34.53,6.71,2.83,9.22,3.61,8.06,9,40.05,41.77,46.17,45.28,57.71,38.18,29.83,30.68,32.56,47.71,40.22,42.54,34.13,36.62,37.59,38.42,43.27,39.82,45.8,22.36
25,32.2,20.22,25,0,41.23,31.62,46.1,50.54,40,47.17,57.01,15.81,25.5,41.23,29.15,45,50.99,40.31,56.57,46.1,10,14.14,15,18.03,10,14.14,28.28,22.02,23.77,42.72,40,52.92,32.06,36.4,45.71,66.4,35,52.2,9.43,15.81,18.38,32.02,36.24,44.41,52.2,59.94,59.2,52.8,68.59,28.16,38.47,36.24,21.1,9.22,8.54,8.25,24.35,19.92,34.23,40.5,43.19,49.04,56.44,69.63,57.43,53.34,19.21,19.03,32.45,40.25,48.04,8.94,11.4,11.4,10.82,22.8,23.09,32.56,28.07,17.03,34,48.26,44.38,45.35,39.05,51.04,27.07,43.19,32.65,52.77,40.01,33.06,37.22,29.83,30.27,33.73,30.02,36.01,35.51,37.05,25
20.62,32.2,23.85,42.72,41.23,0,10,20.62,13.93,50,33.54,35.36,35.36,15.81,20,29.15,11.18,10,11.18,30,46.1,31.62,36.06,47.17,50.25,50.99,30,22.36,26.93,50.45,39.05,27.2,43.83,43.91,55.9,59.41,32.7,11.18,26.93,48.47,25.5,35.47,20.12,28.16,16.49,12.04,22.2,26.93,22.09,39.05,36.24,44.05,17.69,22.02,42.01,48.51,42.05,24.76,21.38,8.49,4.47,6.71,29.41,40.8,47,66.47,54.82,57.7,41.98,27.8,34.06,56.64,34.93,31.78,35.36,38.95,36.06,40.16,50.99,45.69,41.59,46.65,17,7.07,4.12,8.06,16.28,17.69,24.6,12.08,40.31,11,10.63,6.71,11.4,11.66,7.62,13.45,9.85,6.4,12.37,20.62
11.18,24.84,16.4,33.54,31.62,10,0,20.62,19.85,42.43,30.41,35.36,25.5,7.07,22.36,25.5,18.03,20,11.18,31.62,40.31,22.36,28.28,39.05,40.31,41.23,20,14.14,17.46,40.8,33.54,22.8,40.26,35.61,47.17,51.66,37.8,11.18,32.02,39.36,15.81,28.6,18.03,27.07,21.26,20.62,29.21,31.06,25.06,42.49,27.8,36.88,13.15,12.04,32.02,38.64,33.29,19.31,11.7,7.21,8.94,14.32,28.02,39.05,48.05,59.82,49.24,48.88,32.28,20.81,28.64,49.68,26.08,23.02,27.02,30.61,26.83,30.87,42.19,36.72,31.78,38.42,19.72,13.04,14.04,12.04,24.19,12.37,22.02,5.1,37.48,14.87,8.54,9.22,3.16,6,4.24,9,10.82,6.4,13.89,11.18
21.21,21.02,36.25,35.36,46.1,20.62,20.62,0,12.21,36.4,14.14,15,33.54,26.93,40.31,46.1,31.62,25,10,11.18,29.15,39.05,47.17,57.01,47.43,54.08,32.02,18.03,24.7,44.72,22.36,11.18,24.21,33.06,45.28,45.54,20.59,30,47.43,55.17,32.02,48.3,38.21,47.1,37.11,18.44,18.11,13.42,7.28,22.8,27.17,30.08,9.9,25.5,42.54,50.77,50.33,39.85,28.84,26.02,16.28,27.2,8.94,20.25,27.46,49.93,37.01,65.07,37.64,17.26,18.03,41.15,43.42,40.8,45.22,48.6,30.08,33.73,41.05,37.05,38.28,35.23,5.83,14.32,21.02,28.28,35.78,32.98,6.32,16.16,20.25,31.4,28.07,26.08,23.77,26.48,23.09,29.43,29.02,24,32.06,21.21
26.25,31.58,36.07,45.04,50.54,13.93,19.85,12.21,0,48.1,26.25,24.17,40.79,26.91,33.38,42.94,23,13.93,10.44,17.72,41.34,41.88,48.1,58.9,55.58,59.62,37.34,25.18,31.58,54.01,34.48,22.85,36.07,43.93,56.29,57.38,18.79,25.08,38.33,58.83,34.99,48.17,34.01,42.06,29.02,6.4,9.43,13.15,9.49,25.32,37.22,41.79,17,29.55,49.04,56.65,53.01,38.01,31.06,21.95,11.4,19.1,20.52,31.06,34.37,62.13,49.2,68.51,46.17,27.29,29.97,53.24,45.8,42.8,46.86,50.45,39.01,43,51.79,47.27,46.39,46.32,6.4,7.21,12.04,21.84,25.71,30.81,18.36,17.89,31.89,24.52,24.19,20.62,22.63,24.21,20,26.63,23.77,19.72,26.25,26.25
32.02,17.8,47.42,15,40,50,42.43,36.4,48.1,0,25,35.36,25.5,43.01,64.03,60.42,60.21,58.31,40.31,40,11.18,41.23,50.99,55,26.93,41.23,31.62,28.28,26.93,20.12,15,25.3,21.93,8.25,11.18,9.43,53,53.15,74.33,48.26,38.08,54.57,57.14,65.37,63.66,53.71,54.34,47.17,42.76,49.65,15.26,6.32,32.76,34.13,31.06,37.85,48.04,53.23,38.95,49.52,46.04,56.08,31.06,29.41,43.46,18.38,14.32,56.29,21.02,22.2,18.44,8.25,44.72,44.38,47.85,49.37,18.97,17.12,10,12.17,23.02,6,42.06,47.01,52.7,54.45,66.07,49.93,30.08,38.29,25,57.28,50.33,51.62,43.93,46.86,46.67,49.2,53.08,48.8,55.97,32.02
25.5,15.56,43.29,29.15,47.17,33.54,30.41,14.14,26.25,25,0,11.18,32.02,35,52.2,55,44.72,39.05,22.36,15,15.81,42.72,52.2,60.42,43.01,53.15,33.54,20.62,25.5,38.47,10,8.06,10.3,24.35,35.36,33.38,28,41.23,60.42,56.6,36.4,54.34,48.37,57.43,49.77,32.56,30.46,22.36,18.79,25.3,21.4,19.1,17.26,29.83,41.11,49.58,53.23,48.04,34.53,37.11,29.07,40.25,6.32,9.49,22.67,36.24,23.02,66.29,33.42,14.76,8.06,28.16,47.17,45.22,49.65,52.55,26.17,28.6,32.02,29.55,34.71,25.71,19.85,28.02,34.67,40.5,49.4,42.05,8.94,25.32,7.07,43.66,38.83,37.95,33.24,36.35,33.96,39.32,40.52,35.44,43.68,25.5
33.54,26.4,50.29,40.31,57.01,35.36,35.36,15,24.17,35.36,11.18,0,42.43,41.23,55.23,60.83,46.1,38.08,25,7.07,25,51.48,60.42,69.46,54.08,63.64,43.01,29.15,35,49.65,20.62,17.03,15.52,35.47,46.1,43,18.68,45,61.85,66.4,44.72,62.03,53.15,62.07,51.79,30.41,24.76,15,14.76,14.32,32.45,29.83,23.09,38.01,51.62,60.11,62.43,54.34,42.15,41.01,31.14,41.77,8.06,8.06,13,43.68,30.08,76.22,44.41,24.76,19.24,37.12,55.95,53.67,58.14,61.29,37.01,39.66,43.01,40.72,45.61,36.69,18.68,28.64,35.17,43.19,49.65,47.68,14.32,30.59,11.18,46.27,43.05,41.05,38.47,41.3,38.05,44.28,44.01,39,47.04,33.54
15,16.64,23.43,11.18,15.81,35.36,25.5,33.54,40.79,25.5,32.02,42.43,0,22.36,43.01,36.06,42.72,45.28,30.41,43.01,30.41,15.81,25.5,30.41,15,21.21,7.07,15.81,9.22,15.65,26.93,25.5,37.16,17.26,25,32.7,54.12,33.54,54.08,25.08,14.14,29.12,34.71,41.87,44.29,44.1,49.73,46.96,40.72,55,12.37,23.02,24.35,13.6,9.22,17.69,23.19,29.21,16.64,31.02,33.02,39.56,34.71,41.05,54.67,43.68,38.01,34.48,7.21,17.69,24.7,33.73,19.24,18.97,22.36,24.02,7.07,8.54,20.25,14.76,6.32,19.65,37,36.06,39.2,36.4,49.04,27.8,29.41,24,37.22,38.48,30.87,33.84,25.3,27.31,29.12,28.65,34.01,31.32,36.24,15
11.18,26.4,9.43,32.02,25.5,15.81,7.07,26.93,26.91,43.01,35,41.23,22.36,0,21.21,20,20.62,25.5,18.03,38.08,42.72,15.81,21.21,32.02,36.4,35.36,15.81,15.81,16.28,38.01,36.4,27.02,44.28,35.47,46.1,51.86,44.82,11.18,32.02,32.7,10,21.63,14.32,23.09,21.95,27.29,36.24,38.01,31.91,49.24,27.8,38.08,18.25,9.22,27.29,33.06,26.42,13.15,6.08,9.06,15.81,18.03,33.54,44.1,54.12,61.06,51.62,42.06,29.53,23.09,31.78,50.77,19.24,16.12,20,23.6,25.5,29.21,41.11,35.47,28.64,38.29,26.63,20,19.92,14.32,26.93,7.28,27.29,10.77,42.01,16.16,8.54,12.04,4.47,5.1,8.25,6.4,11.7,10.05,13.89,11.18
32.02,46.87,21.19,53.15,41.23,20,22.36,40.31,33.38,64.03,52.2,55.23,43.01,21.21,0,15.81,11.18,22.36,30.41,50,62.65,31.62,30,40.31,55.9,50.99,36.06,36.06,37.48,58.52,55.9,44.94,62.3,56.64,67.27,73,51.66,11.18,11.18,45.04,29.15,27.17,9.22,10.63,5.66,29.41,40.16,46.53,42.05,58.69,48.92,58.82,35.11,30.41,46.1,49.73,38.05,17.12,26.4,15.23,24.08,14.32,48.84,60.21,67,81.84,71.59,52.24,50.22,43.05,50.99,71.61,32.56,29.83,31.14,34.01,46.69,50.33,62.29,56.64,49.09,59.46,37,27.02,21.38,12.04,13.6,15.26,43.42,27.31,59.2,9,13.89,14.32,20.25,17.2,18.38,14.87,11.7,16.76,8.54,32.02
30.41,45.35,13,47.17,29.15,29.15,25.5,46.1,42.94,60.42,55,60.83,36.06,20,15.81,0,25,35.36,36.4,57.01,61.85,21.21,15.81,25,46.1,38.08,29.15,35.36,33.84,50.25,55.9,47.01,64.2,52.33,61.03,68.48,61.72,18.03,25,30.81,22.36,12.17,9.22,7.28,21.02,40.8,51.31,55.54,49.98,67.42,45.31,56.3,38.12,26.93,36.12,37.59,24.04,7.28,21.84,21.02,31.78,26.17,53.34,64.07,73.55,78.79,70.6,37,42.8,42.58,51.48,68.54,20.25,18.44,17.89,19.92,41.59,44.42,56.3,50.77,41.23,55.01,44.6,35.78,32.2,22.02,29.07,13.15,47.17,30.27,62.01,20.52,18.79,22.47,22.36,19.65,23.41,16.76,19.42,23.26,17.69,30.41
29.15,42.45,25.18,51.48,45,11.18,18.03,31.62,23,60.21,44.72,46.1,42.72,20.62,11.18,25,0,11.18,22.36,40.31,57.01,35,36.4,47.43,57.01,55,36.4,32.02,35.36,58.31,50,38.28,55.01,53.6,65.19,69.53,40.79,10,15.81,50.64,30.41,34.54,16.12,21.4,6.08,18.44,29.12,36.06,32.14,48.17,45.8,54.45,28.6,29.15,47.85,53.08,43.74,23.41,26.68,11.7,15.65,4.47,40.5,51.87,57.22,77.16,65.8,58.94,49.77,38.18,45,67.18,37.22,34.13,36.67,40.02,44.78,48.76,60.21,54.71,49.04,56.4,27.46,17.46,11.05,6.32,6.32,18.11,35.78,21.93,51.48,5.1,12.17,8.94,17.46,15.52,13.89,15.03,9.06,11.66,8.25,29.15
30.41,40.71,32.7,52.2,50.99,10,20,25,13.93,58.31,39.05,38.08,45.28,25.5,22.36,35.36,11.18,0,18.03,31.62,53.15,41.23,44.72,55.9,60.21,60.83,40,31.62,36.67,60.21,46.1,34.06,49.2,52.8,65,67.74,30.15,18.03,25,57.87,35.36,43.57,26.17,32.45,17.09,8.06,18.25,26.17,23.41,38.01,45.31,52.15,25.55,32.02,52.01,58.42,51.26,32.45,31.26,17.09,12.65,9.22,33.84,44.78,48.05,73.88,61.52,66.85,51.79,36.24,41.23,64.4,44.27,41.11,44.38,47.93,45.61,49.73,60.17,55.03,51.48,55.46,19.72,11.4,6.08,13.6,12.04,25.94,30.41,21.59,45.22,14.87,18.79,14.32,21.21,20.88,17.26,21.93,16.64,15.52,17.69,30.41
15.81,22.85,27.46,35.36,40.31,11.18,11.18,10,10.44,40.31,22.36,25,30.41,18.03,30.41,36.4,22.36,18.03,0,20.62,35.36,32.02,39.05,49.5,45.28,49.24,26.93,15,21.21,44.05,28.28,16.28,32.65,35.11,47.43,49.74,26.91,20,38.08,48.83,25,39.66,28.28,37.12,27.51,14.14,19.7,20,13.89,31.3,27.89,34.13,7.62,19.24,38.6,46.24,43.28,30.46,21.26,16.03,6.71,17.89,18.44,29.83,37.34,55.97,43.93,58.6,36.01,18.38,23.35,46.4,36.12,33.24,37.48,41.01,29.07,33.14,42.72,37.85,36.12,37.7,8.6,6.71,12.73,18.44,27.2,23.41,13.42,7.81,29.15,21.59,18.11,16.12,14.32,16.76,13.15,19.65,19.03,14,22.09,15.81
32.02,28.23,47.42,42.72,56.57,30,31.62,11.18,17.72,40,15,7.07,43.01,38.08,50,57.01,40.31,31.62,20.62,0,30.41,50,58.31,68.01,55.9,64.03,42.43,28.28,34.71,52.2,25,17.89,21.93,38.83,50.25,48.26,13,40.31,55.9,65.8,43.01,59.48,48.84,57.56,46.17,23.77,17.69,8.06,8.25,12.04,34.54,34.06,20.81,36.4,52.2,60.61,61.22,50.92,39.96,36.5,26.08,36.12,9.22,15,17,49.98,36.4,75.69,46.07,25.55,22.36,42.76,54.41,51.87,56.3,59.64,38.47,41.63,46.69,43.68,47.01,40.45,13,23.02,29.27,38.01,43.42,43.97,13.6,27.31,17.46,41,38.64,36.12,34.79,37.36,33.73,40.26,39.2,34.37,42.11,32.02
31.62,16.49,49.03,22.36,46.1,46.1,40.31,29.15,41.34,11.18,15.81,25,30.41,42.72,62.65,61.85,57.01,53.15,35.36,30.41,0,45,55,60.83,36.06,49.24,35,26.93,28.28,29.83,7.07,19.1,10.77,15.26,22.36,18,43.29,51.48,72.11,55.08,40.31,58.08,57.01,65.79,61.29,47.43,46.24,38.08,34.54,39.12,18.11,8.06,28.43,34.93,37.95,45.69,53.6,54.57,40.02,47.51,41.77,52.63,22.14,18.44,32.31,20.81,8.94,63.91,28.23,19.7,12.04,12.37,49.04,48.01,52.01,54.15,23.35,23.41,20.62,20.81,30.08,14.87,34.99,41.77,48.08,51.87,62.37,49.98,23.02,35.51,14.14,54.92,48.76,49.09,42.49,45.62,44.42,48.33,51.11,46.32,54.2,31.62
18.03,29.27,10.44,26.93,10,31.62,22.36,39.05,41.88,41.23,42.72,51.48,15.81,15.81,31.62,21.21,35,41.23,32.02,50,45,0,10,18.03,25,20,10,22.36,17.46,29.07,40.31,34.93,50.01,32.98,40.31,48.47,58.73,25,42.72,17,7.07,13.34,22.47,27.8,34.53,42.95,51.31,51.62,45.25,61.85,27.07,38.21,29.21,13.6,15,18.25,11.31,15.26,10.82,24.33,31.3,33.24,43.42,52.2,64.41,59.48,53.15,26.63,21.95,28.16,36.88,49.48,4.47,3.16,7.07,9.85,22.36,24.35,35.78,30.46,20.25,35.44,40.36,35.36,35.74,29.07,41.05,17.12,37.22,24.21,49.04,30.02,23.09,27.29,20.25,20.4,24.04,20.02,26.02,25.71,27.07,18.03
26.93,39.2,12.21,36.4,14.14,36.06,28.28,47.17,48.1,50.99,52.2,60.42,25.5,21.21,30,15.81,36.4,44.72,39.05,58.31,55,10,0,11.18,32.02,22.36,20,31.62,27.29,37.22,50.25,44.27,59.84,42.76,49.24,57.87,65.95,26.93,40.31,15.13,15.81,4.24,21.1,23.09,34.23,48.01,57.38,59.03,52.8,69.89,37.05,48.17,37.59,22.47,22.47,22.2,8.25,13.15,18.36,27.78,36.88,35.85,52.39,61.68,73.41,69.12,63.13,22.56,31.02,37.85,46.69,59.23,6.32,7.07,3.16,4.12,32.25,33.96,44.94,39.85,29.15,45.12,47.63,41.11,39.96,31.38,41.77,18.79,46.1,31.4,58.69,31.32,25.94,30.41,25.5,24.41,28.6,22.83,28.23,29.68,28.16,26.93
36.06,46.17,23.32,40,15,47.17,39.05,57.01,58.9,55,60.42,69.46,30.41,32.02,40.31,25,47.43,55.9,49.5,68.01,60.83,18.03,11.18,0,31.62,18.03,26.93,40.31,34.93,38.08,57.01,52.77,67.05,47.04,50.99,60.53,76.38,38.08,50,8.6,25,13.15,31.78,32.06,44.91,59.08,68.25,69.35,63.03,79.81,42.76,53.34,47.2,31.62,24.08,19.7,7.28,24.04,28.32,38.95,47.8,47.01,61.4,69.86,82.37,72.34,68.26,12,34.01,45.69,54.08,63.03,13.6,16.28,12.04,8.49,37.48,38.05,47.38,43.05,32.02,49,58,52.01,51.11,42.54,52.63,29.97,55.23,41.73,66.48,42.38,37.12,41.59,36.4,35.51,39.66,34,39.4,40.82,39.22,36.06
30,27.78,34.99,14.14,18.03,50.25,40.31,47.43,55.58,26.93,43.01,54.08,15,36.4,55.9,46.1,57.01,60.21,45.28,55.9,36.06,25,32.02,31.62,0,15,20.62,30.41,24.08,7.07,35.36,38.01,45.34,20.81,20,30.07,67.78,47.43,67.08,23.54,26.93,36.24,47.01,52.8,57.94,59.08,64.33,60.75,54.71,67.6,21.63,28.02,38.83,28.28,10,12.17,25.94,40.22,30.36,45.35,48.01,54.13,47.01,50.99,65.3,42.11,41.23,30.07,9.85,30.46,35,33.96,26.17,27.66,29.07,28.84,17.46,14.42,17.46,15.26,9.22,21.47,51.42,51.04,54.15,50.7,63.32,40.72,42.54,39,46.69,52.5,44.92,48.27,39.81,41.48,43.74,42.38,48.08,45.89,49.98,30
33.54,37.64,30.15,26.93,10,50.99,41.23,54.08,59.62,41.23,53.15,63.64,21.21,35.36,50.99,38.08,55,60.83,49.24,64.03,49.24,20,22.36,18.03,15,0,22.36,36.06,29.41,22.02,47.17,46.69,57.45,34.18,35,45.04,74.63,45,61.85,9.43,25.5,26.42,41.77,45.31,54.33,61.68,68.94,67.42,61.06,76.06,32.45,41.23,44.42,30.08,12.04,3.61,14.42,33.96,29.61,44.18,50,53.15,55.9,62.01,75.82,57.08,55.36,15.13,21.02,38.9,45.61,48.66,18.44,21.21,20.25,18.36,27.2,25.94,32.25,29.12,19.24,35.44,56.82,53.76,55.11,49.04,61.03,37.05,50.45,41.79,58.01,50.01,43.05,47.17,39.62,40.2,43.57,40.01,46.01,45.4,47.04,33.54
11.18,19.42,16.4,18.03,14.14,30,20,32.02,37.34,31.62,33.54,43.01,7.07,15.81,36.06,29.15,36.4,40,26.93,42.43,35,10,20,26.93,20.62,22.36,0,14.14,8.06,22.47,30.41,26.08,40.26,23.41,32.02,39.36,52.43,26.93,47.17,23.43,7.07,23.19,27.66,34.83,37.58,39.81,46.62,45.22,38.83,54.45,17.12,28.28,22.2,8.06,12.04,19.31,19.7,22.2,9.85,24.74,28.28,33.54,35,42.95,55.76,49.98,43.19,33.3,14.21,18.79,27.2,39.85,14.14,13.04,17.03,19.42,12.65,15.26,27.2,21.63,13.04,26,34.48,31.78,34.01,30.08,42.72,20.81,29.07,19.65,39.56,31.95,24.35,27.66,19.24,20.88,23.19,21.93,27.51,25.32,29.55,11.18
5,10.82,23,20.62,28.28,22.36,14.14,18.03,25.18,28.28,20.62,29.15,15.81,15.81,36.06,35.36,32.02,31.62,15,28.28,26.93,22.36,31.62,40.31,30.41,36.06,14.14,0,6.71,29.07,20.62,12.65,29,21.63,33.54,37.54,38.59,25,46.1,37.54,15.81,33.73,30.08,38.9,35.38,29.07,33.96,31.38,25.06,40.31,13.89,22.8,8.54,9.22,24.6,32.76,33.29,28.16,14.04,21.26,18.97,28.02,21.1,30.08,42.06,45.8,35.85,47.42,21.02,7.28,16.12,35.61,26.83,24.7,29.15,32.2,14.14,18.25,28.64,23.41,21.21,24.41,21.19,21.21,25.63,26.17,38.01,23.09,15,10.3,27.29,29,22.2,23.35,15.81,18.87,18.38,21.47,24.84,20.52,27.8,5
6.32,12,20.88,16.12,22.02,26.93,17.46,24.7,31.58,26.93,25.5,35,9.22,16.28,37.48,33.84,35.36,36.67,21.21,34.71,28.28,17.46,27.29,34.93,24.08,29.41,8.06,6.71,0,23.54,23.02,18.03,32.56,19.21,30,35.61,45.28,27.02,48.17,31.4,12.04,30.02,30.23,38.47,37.8,35.01,40.52,38.08,31.76,46.75,11.66,22.47,15.23,7.21,17.89,26.08,27.73,26.57,12.08,23.85,24.19,31.78,27.02,34.93,47.71,45.18,36.88,41.23,15.13,10.77,19.42,34.89,21.84,20.22,24.52,27.2,9.43,13.42,25,19.42,15,22.02,27.86,27,30.59,29.15,41.59,23.02,21.21,15.13,31.62,31.62,24.21,26.42,18.03,20.62,21.47,22.63,27.2,23.71,29.83,6.32
29.83,24.04,38.29,9.49,23.77,50.45,40.8,44.72,54.01,20.12,38.47,49.65,15.65,38.01,58.52,50.25,58.31,60.21,44.05,52.2,29.83,29.07,37.22,38.08,7.07,22.02,22.47,29.07,23.54,0,30,34.48,39.62,14.87,13.04,23.02,64.56,49.19,69.64,30.27,29.41,41.34,50,56.59,59.94,58.14,62.29,57.72,51.97,63.56,17.72,21.93,37.01,29.15,14.76,19.03,31.95,43.86,32.25,46.62,47.68,55.03,43.08,45.8,60.22,35.06,34.44,37.12,8.54,27.46,30.41,26.93,31.06,32.02,34.13,34.44,15,11.05,10.44,9.22,9.43,15,49.25,50.25,54.13,52,64.62,43.27,39.29,38.64,41.4,54.13,46.52,49.4,40.85,42.95,44.6,44.29,49.66,46.82,51.88,29.83
25.5,11.05,43.29,21.21,42.72,39.05,33.54,22.36,34.48,15,10,20.62,26.93,36.4,55.9,55.9,50,46.1,28.28,25,7.07,40.31,50.25,57.01,35.36,47.17,30.41,20.62,23.02,30,0,12.04,10.3,15.26,25.5,23.54,38,44.72,65.19,52,35,53.04,50.6,59.48,54.38,40.5,39.85,32.25,28.16,34.93,14.76,9.22,21.4,29.15,35.36,43.57,49.73,48.66,34.23,40.71,34.71,45.61,16.12,15.81,30.23,27.8,15.81,61.27,26.4,13.34,5,18.79,44.55,43.19,47.38,49.82,20.12,21.4,22.47,20.81,28.02,16.16,28.18,34.71,41.01,44.94,55.32,43.68,16.12,28.65,11.4,48.02,42.05,42.19,35.85,39,37.59,41.79,44.29,39.45,47.41,25.5
17.46,10.44,35.23,25,40,27.2,22.8,11.18,22.85,25.3,8.06,17.03,25.5,27.02,44.94,47.01,38.28,34.06,16.28,17.89,19.1,34.93,44.27,52.77,38.01,46.69,26.08,12.65,18.03,34.48,12.04,0,17.46,22,34.13,34.54,30.08,33.84,53.71,49.41,28.46,46.32,40.61,49.65,42.94,28.65,29.27,23.35,18,29.68,16.76,18.97,9.85,21.84,34.71,43.19,45.65,40.01,26.48,29.73,22.8,33.84,9.22,17.46,29.68,39.82,27.66,59.2,28.18,7.81,7.21,30.53,39.4,37.34,41.79,44.78,20.59,23.77,30,26.31,29.15,24.08,16.76,22.67,29,33.54,43.42,34.13,5,17.72,15,36.67,31.32,30.87,25.5,28.64,26.57,31.58,33.24,28.23,36.4,17.46
34,20.88,52,31.24,52.92,43.83,40.26,24.21,36.07,21.93,10.3,15.52,37.16,44.28,62.3,64.2,55.01,49.2,32.65,21.93,10.77,50.01,59.84,67.05,45.34,57.45,40.26,29,32.56,39.62,10.3,17.46,0,24.76,33.11,28.28,34.21,51.24,70.68,62.24,44.28,62.39,58.05,67.08,60.01,42.45,39.12,29.97,27.8,29.02,25.06,17.8,27.2,38.05,45.65,53.85,59.77,57.08,43.01,47.13,39.36,50.54,15.56,8,21.54,28.16,14.56,71.55,36.62,22.09,13.15,22.02,54.34,52.77,57.07,59.67,30.41,31.62,31.06,30.41,38.28,25,29.73,38.28,44.94,50.7,59.68,51.48,19.24,35.17,4.47,53.85,48.76,48.1,42.95,46.1,43.97,49.03,50.6,45.54,53.76,34
24.76,12.37,39.36,7.28,32.06,43.91,35.61,33.06,43.93,8.25,24.35,35.47,17.26,35.47,56.64,52.33,53.6,52.8,35.11,38.83,15.26,32.98,42.76,47.04,20.81,34.18,23.41,21.63,19.21,14.87,15.26,22,24.76,0,12.37,16.4,51.62,45.97,67.18,40.61,29.97,46.32,49.41,57.45,56.64,49.04,51.16,45.18,40,49.65,7.81,7.21,27.51,26.4,23.35,30.68,40,45.18,31.06,42.52,40.25,49.65,29.61,31.06,45.49,26.57,21.38,49.04,13.34,16.76,16.49,16.49,36.5,36.14,39.62,41.19,10.77,9,8,5.66,15.3,2.83,38.33,41.79,46.96,47.63,59.64,42.2,27,31.91,26.63,50.33,43.14,44.82,36.8,39.6,39.82,41.77,46.01,42.01,48.8,24.76
36.06,24.74,48.41,14.14,36.4,55.9,47.17,45.28,56.29,11.18,35.36,46.1,25,46.1,67.27,61.03,65.19,65,47.43,50.25,22.36,40.31,49.24,50.99,20,35,32.02,33.54,30,13.04,25.5,34.13,33.11,12.37,0,10.2,63.2,57.01,78.1,43.29,39.05,53.23,59.41,66.84,67.8,61.4,63.39,57.01,52.09,60.42,19.7,16.28,39.85,36.88,27.2,32.06,44.64,54.2,41.01,53.82,52.39,61.4,41.11,40.5,54.63,22.2,24.08,50.04,18.36,29.12,28.02,15.26,42.95,43.42,46.1,46.82,20.62,16.97,5,10.63,20.12,10.05,50.64,54.08,59.09,59.08,71.34,52.33,39.12,43.83,36.06,61.61,54.2,56.3,48.01,50.61,51.31,52.5,57.2,53.54,59.82,36.06
41.04,27.2,55.57,21.54,45.71,59.41,51.66,45.54,57.38,9.43,33.38,43,32.7,51.86,73,68.48,69.53,67.74,49.74,48.26,18,48.47,57.87,60.53,30.07,45.04,39.36,37.54,35.61,23.02,23.54,34.54,28.28,16.4,10.2,0,61.2,62.24,83.45,53.08,46.14,61.68,65.8,73.78,72.84,63.07,63.32,55.73,51.66,57.08,24.08,15.65,42.19,42.8,36.5,42,53.94,61.4,47.43,58.69,55.47,65.44,39.62,36.22,49.48,12.04,16.12,60.13,26.93,31.62,27.51,6.71,51.55,51.62,54.71,55.79,26.93,24.17,13.15,18.03,28.86,13.6,51.26,56.44,62.13,63.7,75.43,58.6,39.22,47.63,32.06,66.48,59.41,60.88,53.04,55.9,55.9,58.14,62.23,58.05,65.07,41.04
41.4,40.52,54.2,55.08,66.4,32.7,37.8,20.59,18.79,53,28,18.68,54.12,44.82,51.66,61.72,40.79,30.15,26.91,13,43.29,58.73,65.95,76.38,67.78,74.63,52.43,38.59,45.28,64.56,38,30.08,34.21,51.62,63.2,61.2,0,43.86,55.08,75.29,51.66,66.4,52.8,60.75,46.87,22.36,12,7.21,13.6,8.94,46.84,47.04,30.23,45.45,63.13,71.34,70.04,56.6,48.08,40.71,30.02,37.36,22.09,26.57,21.4,62.36,48.76,85.15,57.94,37.34,35.23,55.58,62.94,60.11,64.38,67.9,50.33,53.76,59.54,56.29,58.69,53.34,18.38,25.94,30.36,40.5,42.05,49.4,25.3,34.66,29.83,43.01,42.94,39.4,40.8,42.72,38.59,45.28,42.54,38.47,44.94,41.4
21.21,35.81,15.3,43.01,35,11.18,11.18,30,25.08,53.15,41.23,45,33.54,11.18,11.18,18.03,10,18.03,20,40.31,51.48,25,26.93,38.08,47.43,45,26.93,25,27.02,49.19,44.72,33.84,51.24,45.97,57.01,62.24,43.86,0,21.21,40.79,20.62,25.55,8.94,17.26,10.82,22.8,33.29,37.95,32.76,50,38.18,47.8,24.04,20.25,38.08,43.1,33.96,14.42,17.09,4.12,14.32,8.94,38.21,49.5,57.22,70.8,60.42,49.34,40.71,31.91,39.81,60.61,27.29,24.19,26.93,30.36,36.4,40.22,52.01,46.4,39.81,48.8,27.46,18.03,14.21,4.47,16.12,8.25,32.56,16.16,48.27,5.1,2.83,4.47,9.22,6.4,7.28,5.1,1.41,6,2.83,21.21
42.43,56.85,32.31,64.03,52.2,26.93,32.02,47.43,38.33,74.33,60.42,61.85,54.08,32.02,11.18,25,15.81,25,38.08,55.9,72.11,42.72,40.31,50,67.08,61.85,47.17,46.1,48.17,69.64,65.19,53.71,70.68,67.18,78.1,83.45,55.08,21.21,0,55.44,40.31,37.05,20.25,18.11,10.82,33.02,43.1,51.09,47.68,63.01,59.4,68.88,43.91,41.23,57.27,60.73,48.51,27.89,37.44,24.84,31.38,20.25,56.3,67.68,72.69,91.83,80.99,62,61.29,52.8,60.21,81.69,43.42,40.8,41.77,44.41,57.49,61.22,73.11,67.48,60.21,70.01,43.17,33.24,26.68,20.25,13.04,26.42,51.48,36.62,67.23,17.2,24.04,23.02,30.41,27.59,27.8,25.61,21.26,25.81,18.38,42.43
33.97,41.59,25.5,33.38,9.43,48.47,39.36,55.17,58.83,48.26,56.6,66.4,25.08,32.7,45.04,30.81,50.64,57.87,48.83,65.8,55.08,17,15.13,8.6,23.54,9.43,23.43,37.54,31.4,30.27,52,49.41,62.24,40.61,43.29,53.08,75.29,40.79,55.44,0,23.85,18.68,36,38.08,49.04,59.93,68.26,68.12,61.72,77.79,37.34,47.3,45.28,29.83,17.26,11.4,7,28,27.78,40.8,48.3,49.48,58.41,65.86,79.06,65.03,61.98,9.9,27.29,41.88,49.65,56.08,13.6,16.76,14.04,11.05,31.95,31.78,40.01,36.12,25.32,42.3,57.01,52.35,52.55,45.12,56.32,32.56,52.5,41.05,62.18,45.54,39.29,43.68,37.16,37,40.85,36.14,41.98,42.38,42.43,33.97
11.18,24.02,9.43,25,15.81,25.5,15.81,32.02,34.99,38.08,36.4,44.72,14.14,10,29.15,22.36,30.41,35.36,25,43.01,40.31,7.07,15.81,25,26.93,25.5,7.07,15.81,12.04,29.41,35,28.46,44.28,29.97,39.05,46.14,51.66,20.62,40.31,23.85,0,18.11,20.62,27.8,31.02,36.4,44.42,44.55,38.18,54.82,23.09,34.21,22.2,6.71,17.46,23.09,18.38,15.26,4.12,19.03,24.7,28.02,36.67,45.88,57.7,56.46,48.84,33.6,21.26,22.2,31.14,46.24,11.4,8.94,13.42,16.64,19.24,22.2,34.21,28.6,20,32.65,33.3,28.64,29.61,24.19,36.67,13.89,30.41,17.2,42.95,25.71,18.25,22.02,14.14,15.03,18.11,15.52,21.38,20.02,23.09,11.18
28.86,42.01,12.21,40.16,18.38,35.47,28.6,48.3,48.17,54.57,54.34,62.03,29.12,21.63,27.17,12.17,34.54,43.57,39.66,59.48,58.08,13.34,4.24,13.15,36.24,26.42,23.19,33.73,30.02,41.34,53.04,46.32,62.39,46.32,53.23,61.68,66.4,25.55,37.05,18.68,18.11,0,18.68,19.42,31.78,47.51,57.28,59.64,53.54,70.83,40.31,51.48,39,24.52,26.63,26.4,12.08,11.18,19.92,27.02,36.8,34.48,54.08,63.79,75.03,72.8,66.37,25.08,34.93,40.31,49.25,62.82,10.3,10.2,7.21,8.06,35.69,37.64,48.85,43.66,33.11,48.76,48.26,41.04,39.2,30.02,39.56,17.8,47.76,32.25,61,29.55,25,29.41,25.61,24.04,28.28,22.02,26.93,29.07,26.4,28.86
25.5,40.72,12.08,45.28,32.02,20.12,18.03,38.21,34.01,57.14,48.37,53.15,34.71,14.32,9.22,9.22,16.12,26.17,28.28,48.84,57.01,22.47,21.1,31.78,47.01,41.77,27.66,30.08,30.23,50,50.6,40.61,58.05,49.41,59.41,65.8,52.8,8.94,20.25,36,20.62,18.68,0,9.06,13.15,31.62,42.19,46.82,41.48,58.82,41.88,52.35,31.14,23.02,37.12,40.52,29,8,18.44,12.37,23.09,16.97,46,57.08,65.62,75.29,65.92,43.57,41.87,37.34,45.88,65,23.35,20.62,22.02,25.02,39.05,42.45,54.49,48.84,40.61,52.2,36.14,26.93,23.02,12.81,20.88,7.21,40.05,23.09,55.44,11.4,10.2,13.42,15.13,12.04,15.13,9.06,10.3,14.56,8.49,25.5
34.18,49.4,18.44,52.8,36.24,28.16,27.07,47.1,42.06,65.37,57.43,62.07,41.87,23.09,10.63,7.28,21.4,32.45,37.12,57.56,65.79,27.8,23.09,32.06,52.8,45.31,34.83,38.9,38.47,56.59,59.48,49.65,67.08,57.45,66.84,73.78,60.75,17.26,18.11,38.08,27.8,19.42,9.06,0,16.28,38.91,49.66,55.08,50.01,67.19,50.12,60.84,40.2,31.3,42.8,44.72,31.32,12.73,26.42,21.1,31.58,23.71,55.01,66.12,74.43,83.65,74.67,44.05,48.84,46.17,54.82,73.36,27.29,25.24,25.08,27.2,46.87,50,62.01,56.4,47.38,60.21,44.72,35.17,30.46,20.25,24.21,15.81,49.09,32.14,64.5,17.89,19.03,21.59,24.19,21.1,24.02,18.11,18.44,23.19,15.81,34.18
31.89,46.1,24.19,53.82,44.41,16.49,21.26,37.11,29.02,63.66,49.77,51.79,44.29,21.95,5.66,21.02,6.08,17.09,27.51,46.17,61.29,34.53,34.23,44.91,57.94,54.33,37.58,35.38,37.8,59.94,54.38,42.94,60.01,56.64,67.8,72.84,46.87,10.82,10.82,49.04,31.02,31.78,13.15,16.28,0,24.52,35.17,42.11,38.05,54.23,48.84,58.14,33.12,31.06,48.38,52.77,42.05,21.1,27.73,14.14,20.88,10.05,45.88,57.28,63.13,81.06,70.18,56.72,51.48,42.01,49.4,70.94,36.06,33.14,35.01,38.12,47.2,51.04,62.8,57.2,50.54,59.46,33.24,23.19,17,9.43,8.06,17.46,40.85,25.81,56.65,6.4,13.6,12.21,19.85,17.2,17.03,15.65,10.63,15,8.06,31.89
29.15,36.69,35.81,49.5,52.2,12.04,20.62,18.44,6.4,53.71,32.56,30.41,44.1,27.29,29.41,40.8,18.44,8.06,14.14,23.77,47.43,42.95,48.01,59.08,59.08,61.68,39.81,29.07,35.01,58.14,40.5,28.65,42.45,49.04,61.4,63.07,22.36,22.8,33.02,59.93,36.4,47.51,31.62,38.91,24.52,0,10.77,18.11,15.65,30,41.98,47.42,21.59,31.78,51.79,58.94,53.71,36.77,32.31,20.52,11.7,15.23,26.91,37.44,40.02,68.24,55.44,69.35,50.01,32.28,35.85,59.17,46.53,43.42,47.17,50.77,43.19,47.27,56.75,51.97,50.01,51.55,12.73,8.06,8.6,18.87,20.1,29.73,24.41,20.22,38.29,21.02,22.63,18.44,22.83,23.6,19.42,25.5,21.4,18.44,23.32,29.15
35.47,39.01,45.28,53.08,59.94,22.2,29.21,18.11,9.43,54.34,30.46,24.76,49.73,36.24,40.16,51.31,29.12,18.25,19.7,17.69,46.24,51.31,57.38,68.25,64.33,68.94,46.62,33.96,40.52,62.29,39.85,29.27,39.12,51.16,63.39,63.32,12,33.29,43.1,68.26,44.42,57.28,42.19,49.66,35.17,10.77,0,10,11.7,20.4,45.01,48.05,25.5,38.91,58.19,65.92,62.43,46.86,40.5,30.61,20.52,26,24.17,32.65,31.78,66.64,53.24,77.94,54.74,35.01,35.9,58.52,55.22,52.2,56.22,59.82,47.38,51.24,59.14,55,55.11,53.34,13.04,16.28,19.24,29.53,30.07,39.7,24.33,27.29,34.67,31.78,32.8,28.84,31.89,33.24,29,35.47,31.91,28.43,34,35.47
34.21,33.73,47.43,48.27,59.2,26.93,31.06,13.42,13.15,47.17,22.36,15,46.96,38.01,46.53,55.54,36.06,26.17,20,8.06,38.08,51.62,59.03,69.35,60.75,67.42,45.22,31.38,38.08,57.72,32.25,23.35,29.97,45.18,57.01,55.73,7.21,37.95,51.09,68.12,44.55,59.64,46.82,55.08,42.11,18.11,10,0,6.4,12.17,40.02,41.05,23.02,38.29,55.95,64.14,62.94,50.12,41.04,34.54,23.77,32.25,16.12,23.02,22.14,57.94,44.38,77.99,50.92,30.36,29,50.45,55.87,53.08,57.38,60.88,43.32,46.84,53.15,49.65,51.62,47.04,11.4,19.92,25.18,34.93,38.21,42.94,18.44,27.66,25.5,37.66,36.77,33.53,34.13,36.24,32.2,38.91,36.69,32.31,39.29,34.21
27.8,28.16,41.34,42.58,52.8,22.09,25.06,7.28,9.49,42.76,18.79,14.76,40.72,31.91,42.05,49.98,32.14,23.41,13.89,8.25,34.54,45.25,52.8,63.03,54.71,61.06,38.83,25.06,31.76,51.97,28.16,18,27.8,40,52.09,51.66,13.6,32.76,47.68,61.72,38.18,53.54,41.48,50.01,38.05,15.65,11.7,6.4,0,17.46,34.37,36.5,16.64,31.89,49.65,57.8,56.57,44.28,34.71,29.12,18.44,28.02,12.53,22.02,25.08,55.01,41.68,71.59,44.92,24.52,24.33,46.82,49.52,46.75,51.09,54.56,37.36,41,48,44.18,45.54,42.05,5.39,15.03,21.1,30.15,35.17,37.16,13,21.4,23.43,33.06,31.32,28.44,28.18,30.46,26.57,33.24,31.58,26.93,34.37,27.8
43.93,39.82,58.67,54.13,68.59,39.05,42.49,22.8,25.32,49.65,25.3,14.32,55,49.24,58.69,67.42,48.17,38.01,31.3,12.04,39.12,61.85,69.89,79.81,67.6,76.06,54.45,40.31,46.75,63.56,34.93,29.68,29.02,49.65,60.42,57.08,8.94,50,63.01,77.79,54.82,70.83,58.82,67.19,54.23,30,20.4,12.17,17.46,0,46.07,44.15,32.65,48.27,64.2,72.62,73.11,61.74,51.61,46.49,35.74,44.41,20.59,21.02,12.73,56.72,43.29,87.69,57.8,37.44,33.24,51,66.22,63.6,68.01,71.4,50.25,53.24,57.28,54.78,58.83,50.96,22.85,32.02,37.34,47.07,50.04,54.63,25.61,38.59,25.02,49.82,48.7,45.61,45.62,47.93,44.01,50.7,48.76,44.27,51.42,43.93
16.97,6.32,32.31,8.25,28.16,36.24,27.8,27.17,37.22,15.26,21.4,32.45,12.37,27.8,48.92,45.31,45.8,45.31,27.89,34.54,18.11,27.07,37.05,42.76,21.63,32.45,17.12,13.89,11.66,17.72,14.76,16.76,25.06,7.81,19.7,24.08,46.84,38.18,59.4,37.34,23.09,40.31,41.88,50.12,48.84,41.98,45.01,40.02,34.37,46.07,0,11.18,20.4,18.87,20.59,28.84,35.51,38.08,23.71,34.71,32.7,41.88,25.5,29.73,43.86,33.54,26.08,46.52,12.04,10,13.45,23.26,31,30.15,34.01,36.06,5.39,7.21,14.87,10.05,13.45,10.63,32,34.48,39.4,39.82,51.87,34.67,21.59,24.19,25.61,42.52,35.36,37.01,29,31.83,32.02,34.06,38.21,34.21,41.01,16.97
26.93,12.04,43.32,14.32,38.47,44.05,36.88,30.08,41.79,6.32,19.1,29.83,23.02,38.08,58.82,56.3,54.45,52.15,34.13,34.06,8.06,38.21,48.17,53.34,28.02,41.23,28.28,22.8,22.47,21.93,9.22,18.97,17.8,7.21,16.28,15.65,47.04,47.8,68.88,47.3,34.21,51.48,52.35,60.84,58.14,47.42,48.05,41.05,36.5,44.15,11.18,0,26.63,29.55,30.08,37.7,46.17,49.04,34.54,44.05,40,50.25,25,24.6,38.95,23.02,15,55.97,20.25,16.28,12.17,12.81,42.05,41.3,45.1,47,16,15.52,13.42,12.81,22.14,7.21,35.74,40.82,46.62,48.84,60.21,45.18,23.77,32.53,20.12,51.74,45,46.01,38.6,41.62,41.11,44.1,47.63,43.19,50.61,26.93
11.31,15.23,27.2,28.07,36.24,17.69,13.15,9.9,17,32.76,17.26,23.09,24.35,18.25,35.11,38.12,28.6,25.55,7.62,20.81,28.43,29.21,37.59,47.2,38.83,44.42,22.2,8.54,15.23,37.01,21.4,9.85,27.2,27.51,39.85,42.19,30.23,24.04,43.91,45.28,22.2,39,31.14,40.2,33.12,21.59,25.5,23.02,16.64,32.65,20.4,26.63,0,15.62,33.11,41.18,40.46,31.4,19.24,19.92,13.45,24.21,15.3,26,36.06,48.8,37.2,55.17,29.27,10.77,16.4,39.05,33.6,31.06,35.51,38.83,22.02,26,35.17,30.41,29.61,30.08,12.65,14.32,20,23.71,33.97,25.02,9.06,8.06,24.33,26.83,21.59,21.02,16.03,19.1,16.76,22.09,23.41,18.38,26.57,11.31
4.47,18.44,14.14,22.8,21.1,22.02,12.04,25.5,29.55,34.13,29.83,38.01,13.6,9.22,30.41,26.93,29.15,32.02,19.24,36.4,34.93,13.6,22.47,31.62,28.28,30.08,8.06,9.22,7.21,29.15,29.15,21.84,38.05,26.4,36.88,42.8,45.45,20.25,41.23,29.83,6.71,24.52,23.02,31.3,31.06,31.78,38.91,38.29,31.89,48.27,18.87,29.55,15.62,0,20.1,27.2,24.84,19.65,5.1,17.46,20.22,25.96,29.97,39.29,50.99,52.35,43.68,39.7,20.62,16,25,42.06,18.03,15.65,20.12,23.32,16.28,20,31.89,26.25,19.92,29.21,27.2,23.77,26,22.85,35.47,15.81,23.71,11.7,36.5,25.06,17.49,20.25,11.7,13.89,15.52,15.62,20.59,17.72,23.02,4.47
22.8,25.61,25.06,16.12,9.22,42.01,32.02,42.54,49.04,31.06,41.11,51.62,9.22,27.29,46.1,36.12,47.85,52.01,38.6,52.2,37.95,15,22.47,24.08,10,12.04,12.04,24.6,17.89,14.76,35.36,34.71,45.65,23.35,27.2,36.5,63.13,38.08,57.27,17.26,17.46,26.63,37.12,42.8,48.38,51.79,58.19,55.95,49.65,64.2,20.59,30.08,33.11,20.1,0,8.49,17.46,30.23,21.21,36.35,40.31,45.28,43.93,50,63.78,48.26,44.72,26,10.05,26.91,33.6,39,16.4,17.69,19.42,19.7,15.26,14.56,23.35,19,8.06,25.08,45.69,43.74,46.04,41.59,54.13,31.02,38.6,31.58,46.04,43.17,35.69,39.32,31.06,32.39,35.06,32.98,38.83,37.12,40.52,22.8
30.46,34.06,28.64,23.41,8.54,48.51,38.64,50.77,56.65,37.85,49.58,60.11,17.69,33.06,49.73,37.59,53.08,58.42,46.24,60.61,45.69,18.25,22.2,19.7,12.17,3.61,19.31,32.76,26.08,19.03,43.57,43.19,53.85,30.68,32.06,42,71.34,43.1,60.73,11.4,23.09,26.4,40.52,44.72,52.77,58.94,65.92,64.14,57.8,72.62,28.84,37.7,41.18,27.2,8.49,0,14.87,32.89,27.17,42.01,47.3,51.01,52.4,58.41,72.25,54.01,51.92,18.44,17.46,35.38,42.01,45.4,17.46,19.92,19.72,18.44,23.6,22.36,29.07,25.71,15.65,32.02,53.67,50.96,52.61,47.01,59.21,35.36,47.01,38.9,54.41,48.17,41.01,45.01,37.22,38.01,41.19,38.05,44.05,43.1,45.28,30.46
29.21,38.9,18.68,33.06,8.25,42.05,33.29,50.33,53.01,48.04,53.23,62.43,23.19,26.42,38.05,24.04,43.74,51.26,43.28,61.22,53.6,11.31,8.25,7.28,25.94,14.42,19.7,33.29,27.73,31.95,49.73,45.65,59.77,40,44.64,53.94,70.04,33.96,48.51,7,18.38,12.08,29,31.32,42.05,53.71,62.43,62.94,56.57,73.11,35.51,46.17,40.46,24.84,17.46,14.87,0,21,22.02,34.18,42.19,42.72,54.38,62.65,75.29,65.62,61.13,15.65,27.17,38.48,46.82,56.14,7.21,10.3,7.07,4.12,30.27,31,40.79,36.22,25.18,42.05,51.66,46.32,46.1,38.33,49.37,25.71,48.26,35.47,59.24,38.64,32.57,37,30.89,30.46,34.44,29.41,35.17,35.85,35.51,29.21
23.19,38.08,5.83,40.22,24.35,24.76,19.31,39.85,38.01,53.23,48.04,54.34,29.21,13.15,17.12,7.28,23.41,32.45,30.46,50.92,54.57,15.26,13.15,24.04,40.22,33.96,22.2,28.16,26.57,43.86,48.66,40.01,57.08,45.18,54.2,61.4,56.6,14.42,27.89,28,15.26,11.18,8,12.73,21.1,36.77,46.86,50.12,44.28,61.74,38.08,49.04,31.4,19.65,30.23,32.89,21,0,14.56,16.28,26.63,23.32,46.69,57.22,67.19,71.59,63.32,35.69,36.12,35.36,44.28,61.33,15.52,13,14.04,17.03,34.48,37.44,49.41,43.83,34.66,47.89,38.91,30.81,28.32,18.87,28.64,7.21,40.45,23.77,55.01,18.38,14.14,18.44,16.16,13.89,18.03,11.4,15.81,18.44,15.23,23.19
9.06,23.54,9.06,26.87,19.92,21.38,11.7,28.84,31.06,38.95,34.53,42.15,16.64,6.08,26.4,21.84,26.68,31.26,21.26,39.96,40.02,10.82,18.36,28.32,30.36,29.61,9.85,14.04,12.08,32.25,34.23,26.48,43.01,31.06,41.01,47.43,48.08,17.09,37.44,27.78,4.12,19.92,18.44,26.42,27.73,32.31,40.5,41.04,34.71,51.61,23.71,34.54,19.24,5.1,21.21,27.17,22.02,14.56,0,15.13,20.62,24.08,34.18,43.93,55.15,57.25,48.76,37.44,23.85,21.02,30.02,46.96,14.87,12.04,16.4,19.85,20.62,24.04,36.07,30.41,22.83,33.84,29.7,24.6,25.5,20.4,32.98,11.31,27.86,13.45,41.3,22.14,14.56,18.11,10.05,11.18,14.04,12.08,17.72,16,19.7,9.06
17.8,32.02,15.65,39.96,34.23,8.49,7.21,26.02,21.95,49.52,37.11,41.01,31.02,9.06,15.23,21.02,11.7,17.09,16.03,36.5,47.51,24.33,27.78,38.95,45.35,44.18,24.74,21.26,23.85,46.62,40.71,29.73,47.13,42.52,53.82,58.69,40.71,4.12,24.84,40.8,19.03,27.02,12.37,21.1,14.14,20.52,30.61,34.54,29.12,46.49,34.71,44.05,19.92,17.46,36.35,42.01,34.18,16.28,15.13,0,10.77,9,34.13,45.4,53.34,67.01,56.44,49.77,38.08,28.02,35.78,56.85,27.2,24.04,27.31,30.87,33.29,37.22,48.83,43.27,37.34,45.34,23.77,14.76,12.21,5.39,18.03,9.22,28.44,12.08,44.15,7.81,2.24,3,5.83,4,3.16,5,3.61,2.24,6.71,17.8
18.03,28.3,24.76,39.56,40.5,4.47,8.94,16.28,11.4,46.04,29.07,31.14,33.02,15.81,24.08,31.78,15.65,12.65,6.71,26.08,41.77,31.3,36.88,47.8,48.01,50,28.28,18.97,24.19,47.68,34.71,22.8,39.36,40.25,52.39,55.47,30.02,14.32,31.38,48.3,24.7,36.8,23.09,31.58,20.88,11.7,20.52,23.77,18.44,35.74,32.7,40,13.45,20.22,40.31,47.3,42.19,26.63,20.62,10.77,0,11.18,25,36.4,43.05,62.24,50.45,57.8,39.32,23.85,29.73,52.5,34.99,31.91,35.81,39.41,32.98,37.11,47.54,42.38,39.12,42.94,13.15,4.24,6.71,12.04,20.62,19.42,20.12,9.06,35.85,15.13,13,10.05,11.4,12.81,8.6,15.26,13.15,8.54,16.03,18.03
25.5,38.29,24.04,47.85,43.19,6.71,14.32,27.2,19.1,56.08,40.25,41.77,39.56,18.03,14.32,26.17,4.47,9.22,17.89,36.12,52.63,33.24,35.85,47.01,54.13,53.15,33.54,28.02,31.78,55.03,45.61,33.84,50.54,49.65,61.4,65.44,37.36,8.94,20.25,49.48,28.02,34.48,16.97,23.71,10.05,15.23,26,32.25,28.02,44.41,41.88,50.25,24.21,25.96,45.28,51.01,42.72,23.32,24.08,9,11.18,0,36.06,47.43,53.08,72.86,61.4,58.19,46.49,33.97,40.61,62.94,35.9,32.76,35.74,39.22,41.15,45.19,56.44,51,45.88,52.43,23.19,13.15,7.07,4.47,10,17.09,31.3,17.8,47.01,5.83,10.2,6,14.32,13,10.44,13.34,7.62,8.25,8.49,25.5
25.5,19.24,42.45,33.62,49.04,29.41,28.02,8.94,20.52,31.06,6.32,8.06,34.71,33.54,48.84,53.34,40.5,33.84,18.44,9.22,22.14,43.42,52.39,61.4,47.01,55.9,35,21.1,27.02,43.08,16.12,9.22,15.56,29.61,41.11,39.62,22.09,38.21,56.3,58.41,36.67,54.08,46,55.01,45.88,26.91,24.17,16.12,12.53,20.59,25.5,25,15.3,29.97,43.93,52.4,54.38,46.69,34.18,34.13,25,36.06,0,11.4,21.02,42.49,29.15,68.25,37.22,17.03,13.15,34.48,47.89,45.62,50.09,53.24,29.68,32.65,37.48,34.48,38.28,31.26,14.21,23.26,29.97,36.88,44.72,40.2,6.32,23.09,11.4,40.02,36.06,34.53,31.06,34.01,31.06,37.01,37.34,32.25,40.45,25.5
34.93,24.41,52.61,36.88,56.44,40.8,39.05,20.25,31.06,29.41,9.49,8.06,41.05,44.1,60.21,64.07,51.87,44.78,29.83,15,18.44,52.2,61.68,69.86,50.99,62.01,42.95,30.08,34.93,45.8,15.81,17.46,8,31.06,40.5,36.22,26.57,49.5,67.68,65.86,45.88,63.79,57.08,66.12,57.28,37.44,32.65,23.02,22.02,21.02,29.73,24.6,26,39.29,50,58.41,62.65,57.22,43.93,45.4,36.4,47.43,11.4,0,14.42,35.9,22.36,75.47,41.73,24.17,16.4,30.02,56.65,54.71,59.14,62.03,34.83,36.77,38.01,36.62,43.19,31.76,25.06,34.54,41.23,48.27,55.95,51.01,17.03,34.01,4.47,51.42,47.27,45.89,42.01,45.04,42.3,48.04,48.66,43.57,51.79,34.93
46.52,38.21,63.25,51.22,69.63,47,48.05,27.46,34.37,43.46,22.67,13,54.67,54.12,67,73.55,57.22,48.05,37.34,17,32.31,64.41,73.41,82.37,65.3,75.82,55.76,42.06,47.71,60.22,30.23,29.68,21.54,45.49,54.63,49.48,21.4,57.22,72.69,79.06,57.7,75.03,65.62,74.43,63.13,40.02,31.78,22.14,25.08,12.73,43.86,38.95,36.06,50.99,63.78,72.25,75.29,67.19,55.15,53.34,43.05,53.08,21.02,14.42,0,47,34.23,88.81,55.9,37.2,30.41,42.95,68.88,66.64,71.11,74.24,48.8,50.99,52.35,51.04,57.28,46.14,30,40.01,46.17,55.01,60.02,60.42,27.31,43.42,18.87,58,55.44,53.08,51.2,53.94,50.49,56.89,56.14,51.24,59.08,46.52
49.93,35,65.8,32.76,57.43,66.47,59.82,49.93,62.13,18.38,36.24,43.68,43.68,61.06,81.84,78.79,77.16,73.88,55.97,49.98,20.81,59.48,69.12,72.34,42.11,57.08,49.98,45.8,45.18,35.06,27.8,39.82,28.16,26.57,22.2,12.04,62.36,70.8,91.83,65.03,56.46,72.8,75.29,83.65,81.06,68.24,66.64,57.94,55.01,56.72,33.54,23.02,48.8,52.35,48.26,54.01,65.62,71.59,57.25,67.01,62.24,72.86,42.49,35.9,47,0,13.6,72.17,38.47,39.05,32.65,10.3,62.82,62.64,65.97,67.27,37.34,35.17,25.02,29.43,40.45,24.04,55.76,62.48,68.68,71.7,82.73,68.1,43.83,55.32,32.57,74.65,68.01,68.88,61.61,64.64,64.03,67.12,70.6,66.07,73.6,49.93
40.5,25.3,57.72,28.64,53.34,54.82,49.24,37.01,49.2,14.32,23.02,30.08,38.01,51.62,71.59,70.6,65.8,61.52,43.93,36.4,8.94,53.15,63.13,68.26,41.23,55.36,43.19,35.85,36.88,34.44,15.81,27.66,14.56,21.38,24.08,16.12,48.76,60.42,80.99,61.98,48.84,66.37,65.92,74.67,70.18,55.44,53.24,44.38,41.68,43.29,26.08,15,37.2,43.68,44.72,51.92,61.13,63.32,48.76,56.44,50.45,61.4,29.15,22.36,34.23,13.6,0,70.34,34.71,28.64,20.81,9.43,57.04,56.22,60.07,62,31,30.27,24.19,26.25,36.67,19.92,42.8,50.21,56.64,60.75,71.06,58.87,31.14,44.42,18.97,63.81,57.71,57.98,51.43,54.56,53.34,57.27,60.03,55.23,63.13,40.5
43.86,51.11,34.18,41.76,19.21,57.7,48.88,65.07,68.51,56.29,66.29,76.22,34.48,42.06,52.24,37,58.94,66.85,58.6,75.69,63.91,26.63,22.56,12,30.07,15.13,33.3,47.42,41.23,37.12,61.27,59.2,71.55,49.04,50.04,60.13,85.15,49.34,62,9.9,33.6,25.08,43.57,44.05,56.72,69.35,77.94,77.99,71.59,87.69,46.52,55.97,55.17,39.7,26,18.44,15.65,35.69,37.44,49.77,57.8,58.19,68.25,75.47,88.81,72.17,70.34,0,35.74,51.61,59.17,63.79,22.83,25.94,22.47,18.97,41.15,40.5,47.38,44.15,33.84,50.45,66.84,61.91,61.74,53.76,64.33,41.11,62.37,50.8,71.69,53.85,48.1,52.55,46.53,46.1,50.09,44.94,50.6,51.48,50.7,43.86
21.38,18.03,30.41,6.08,19.03,41.98,32.28,37.64,46.17,21.02,33.42,44.41,7.21,29.53,50.22,42.8,49.77,51.79,36.01,46.07,28.23,21.95,31.02,34.01,9.85,21.02,14.21,21.02,15.13,8.54,26.4,28.18,36.62,13.34,18.36,26.93,57.94,40.71,61.29,27.29,21.26,34.93,41.87,48.84,51.48,50.01,54.74,50.92,44.92,57.8,12.04,20.25,29.27,20.62,10.05,17.46,27.17,36.12,23.85,38.08,39.32,46.49,37.22,41.73,55.9,38.47,34.71,35.74,0,20.62,25.5,29.02,24.7,25.06,27.86,28.86,7.62,5,13.93,9.06,2,15.03,41.77,42.05,45.71,43.46,56.08,35,32.7,30.27,37.54,45.62,38.01,40.85,32.31,34.44,36.06,35.85,41.15,38.28,43.42,21.38
